x   y   z
0.00000000000000000  0.00000000000000000  1.00000000000000000
0.72360679774997894  0.52573111211913359  0.44721359549995793
-0.27639320225002101  0.85065080835203988  0.44721359549995793
-0.89442719099991586  0.00000000000000000  0.44721359549995793
-0.27639320225002101  -0.85065080835203988  0.44721359549995793
0.72360679774997894  -0.52573111211913359  0.44721359549995793
0.89442719099991586  0.00000000000000000  -0.44721359549995793
0.27639320225002101  0.85065080835203988  -0.44721359549995793
-0.72360679774997894  0.52573111211913359  -0.44721359549995793
-0.72360679774997894  -0.52573111211913359  -0.44721359549995793
0.27639320225002101  -0.85065080835203988  -0.44721359549995793
0.00000000000000000  0.00000000000000000  -1.00000000000000000
0.18759247408507992  0.57735026918962584  0.79465447229176622
-0.49112347318842298  0.35682208977308993  0.79465447229176611
-0.49112347318842298  -0.35682208977308993  0.79465447229176611
0.18759247408507992  -0.57735026918962584  0.79465447229176622
0.60706199820668627  0.00000000000000000  0.79465447229176622
0.79465447229176611  0.57735026918962573  -0.18759247408507990
0.30353099910334314  0.93417235896271567  0.18759247408507992
-0.30353099910334314  0.93417235896271567  -0.18759247408507992
-0.79465447229176611  0.57735026918962573  0.18759247408507990
-0.98224694637684595  0.00000000000000000  -0.18759247408507990
-0.79465447229176611  -0.57735026918962573  0.18759247408507990
-0.30353099910334314  -0.93417235896271567  -0.18759247408507992
0.30353099910334314  -0.93417235896271567  0.18759247408507992
0.79465447229176611  -0.57735026918962573  -0.18759247408507990
0.98224694637684595  0.00000000000000000  0.18759247408507990
0.49112347318842298  0.35682208977308993  -0.79465447229176611
-0.18759247408507992  0.57735026918962584  -0.79465447229176622
-0.60706199820668627  0.00000000000000000  -0.79465447229176622
-0.18759247408507992  -0.57735026918962584  -0.79465447229176622
0.49112347318842298  -0.35682208977308993  -0.79465447229176611
edgeO      edgeD       edgeLeft        edgeRightorigCw    origCcw    destCw    destCcw
12   13  0  2  5  4  1  6  
13   14  0  3  6  0  2  7  
14   15  0  4  7  1  3  8  
15   16  0  5  8  2  4  9  
16   12  0  1  9  3  0  5  
12   18  2  1  4  0  15  10  
13   20  3  2  0  1  16  11  
14   22  4  3  1  2  17  12  
15   24  5  4  2  3  18  13  
16   26  1  5  3  4  19  14  
18   17  7  1  5  15  20  19  
20   19  8  2  6  16  21  15  
22   21  9  3  7  17  22  16  
24   23  10  4  8  18  23  17  
26   25  6  5  9  19  24  18  
18   19  2  7  10  5  11  21  
20   21  3  8  11  6  12  22  
22   23  4  9  12  7  13  23  
24   25  5  10  13  8  14  24  
26   17  1  6  14  9  10  20  
17   27  7  6  19  10  25  29  
19   28  8  7  15  11  26  25  
21   29  9  8  16  12  27  26  
23   30  10  9  17  13  28  27  
25   31  6  10  18  14  29  28  
27   28  7  11  29  20  21  26  
28   29  8  11  25  21  22  27  
29   30  9  11  26  22  23  28  
30   31  10  11  27  23  24  29  
31   27  6  11  28  24  20  25  
faceverts
12 13 14 15 16
17 18 12 16 26
12 18 19 20 13
13 20 21 22 14
14 22 23 24 15
15 24 25 26 16
25 31 27 17 26
17 27 28 19 18
19 28 29 21 20
21 29 30 23 22
23 30 31 25 24
27 28 29 30 31
faceedges
0 1 2 3 4
9 19 10  5  4
5 15 11  6  0
6 16 12  7  1
7 17 13  8  2
8 18 14  9  3
24 29 20 19 14
20 25 21 15 10
21 26 22 16 11
22 27 23 17 12
23 28 24 18 13
25 26 27 28 29
facecenters
0
1
2
3
4
5
6
7
8
9
10
11
