x     y 
0.00000000000000000  0.00000000000000000
0.50000000000000011  0.86602540378443860
-0.49999999999999978  0.86602540378443882
-1.00000000000000000  0.00000000000000000
-0.50000000000000044  -0.86602540378443837
0.49999999999999928  -0.86602540378443904
1.00000000000000000  0.00000000000000000
0.00000000000000011  0.57735026918962584
-0.49999999999999994  0.28867513459481292
-0.50000000000000011  -0.28867513459481281
-0.00000000000000039  -0.57735026918962584
0.49999999999999978  -0.28867513459481303
0.50000000000000000  0.28867513459481287
edgeO      edgeD       edgeLeft        edgeRight
0   1  0  5  
1   2  0  -1  
2   3  1  -1  
3   4  2  -1  
4   5  3  -1  
5   6  4  -1  
6   1  5  -1  
2   0  0  1  
3   0  1  2  
4   0  2  3  
0   5  4  3  
0   6  5  4  
faceverts
0 1 2
2 3 0
4 0 3
0 4 5
5 6 0
1 0 6
faceedges
0 1 7
2 8 7
9 8 3
9  4 10
5 11 10
0 11  6
facecenters
7
8
9
10
11
12
