[2022-08-22 15:48:03.414] [pse_planar_conv_rank0] [info]
                  dx           interp_l1               rate
            0.987056            0.387454                ---
            0.493528            0.141629             1.45191
            0.246764           0.0412139             1.78091
            0.123382          0.00941737             2.12974
            0.061691          0.00140808             2.74159
           0.0308455         0.000120405             3.54776
           0.0154227         5.14657e-06             4.54814

[2022-08-22 15:48:03.414] [pse_planar_conv_rank0] [info]
                  dx           interp_l2               rate
            0.987056            0.333242                ---
            0.493528            0.154872              1.1055
            0.246764           0.0467003             1.72957
            0.123382           0.0101172             2.20663
            0.061691          0.00145392             2.79878
           0.0308455         0.000122062             3.57426
           0.0154227         5.17592e-06             4.55966

[2022-08-22 15:48:03.414] [pse_planar_conv_rank0] [info]
                  dx         interp_linf               rate
            0.987056            0.330169                ---
            0.493528            0.166237            0.989965
            0.246764           0.0517334             1.68407
            0.123382            0.010776             2.26328
            0.061691          0.00149893             2.84581
           0.0308455         0.000123712             3.59888
           0.0154227         5.20524e-06             4.57087

[2022-08-22 15:48:03.414] [pse_planar_conv_rank0] [info]
                  dx              lap_l1               rate
            0.987056            0.537119                ---
            0.493528            0.501199            0.099856
            0.246764            0.210706             1.25015
            0.123382           0.0681972             1.62745
            0.061691           0.0134635             2.34066
           0.0308455          0.00150245             3.16367
           0.0154227         8.30352e-05             4.17745

[2022-08-22 15:48:03.414] [pse_planar_conv_rank0] [info]
                  dx              lap_l2               rate
            0.987056            0.495795                ---
            0.493528            0.447932            0.146463
            0.246764            0.221648             1.01501
            0.123382           0.0693869             1.67554
            0.061691           0.0135801             2.35317
           0.0308455          0.00150851              3.1703
           0.0154227         8.31817e-05             4.18071

[2022-08-22 15:48:03.414] [pse_planar_conv_rank0] [info]
                  dx            lap_linf               rate
            0.987056            0.452717                ---
            0.493528            0.385173            0.233103
            0.246764            0.210658            0.870601
            0.123382           0.0682918             1.62512
            0.061691           0.0135131             2.33735
           0.0308455          0.00150618             3.16539
           0.0154227         8.31417e-05             4.17918
