[2022-08-22 15:59:31.281] [pse_planar_conv_rank0] [info]
                  dx           interp_l1               rate
                 1.5            0.509918                ---
                0.75            0.077423             2.71943
               0.375          0.00570159             3.76332
              0.1875         0.000309384             4.20389
             0.09375         1.20037e-05             4.68785
            0.046875         2.09731e-07             5.83879
           0.0234375         1.26194e-09             7.37676

[2022-08-22 15:59:31.281] [pse_planar_conv_rank0] [info]
                  dx           interp_l2               rate
                 1.5            0.307227                ---
                0.75            0.082701             1.89333
               0.375          0.00721209             3.51942
              0.1875         0.000397784             4.18036
             0.09375         1.36378e-05              4.8663
            0.046875         2.20739e-07             5.94913
           0.0234375         1.28743e-09              7.4217

[2022-08-22 15:59:31.281] [pse_planar_conv_rank0] [info]
                  dx         interp_linf               rate
                 1.5            0.280166                ---
                0.75           0.0873674             1.68111
               0.375          0.00938786             3.21823
              0.1875         0.000489127             4.26252
             0.09375         1.51597e-05              5.0119
            0.046875          2.3183e-07             6.03103
           0.0234375         1.32098e-09             7.45532

[2022-08-22 15:59:31.281] [pse_planar_conv_rank0] [info]
                  dx              lap_l1               rate
                 1.5             1.31685                ---
                0.75            0.278345             2.24214
               0.375           0.0427222             2.70381
              0.1875          0.00407887             3.38874
             0.09375         0.000205437             4.31141
            0.046875          4.4718e-06             5.52169
           0.0234375         3.37946e-08             7.04792

[2022-08-22 15:59:31.282] [pse_planar_conv_rank0] [info]
                  dx              lap_l2               rate
                 1.5             1.65578                ---
                0.75            0.273587             2.59744
               0.375           0.0474466             2.52762
              0.1875          0.00432931              3.4541
             0.09375         0.000210884             4.35962
            0.046875         4.52218e-06             5.54329
           0.0234375         3.39548e-08             7.05726

[2022-08-22 15:59:31.282] [pse_planar_conv_rank0] [info]
                  dx            lap_linf               rate
                 1.5             2.46787                ---
                0.75            0.255853             3.26988
               0.375           0.0499706             2.35616
              0.1875          0.00454585             3.45846
             0.09375         0.000216255             4.39374
            0.046875           4.573e-06             5.56345
           0.0234375         3.41183e-08             7.06645
